tweet_id,favorites,retweet_count
875021211251597312,23338,4156
874680097055178752,25437,4082
874434818259525634,0,12788
874296783580663808,23832,3638
874057562936811520,20794,3512
874012996292530176,31222,8997
873213775632977920,6551,1394
872967104147763200,24933,4770
872820683541237760,13515,3290
872620804844003328,19003,3217
872486979161796608,37348,8050
872122724285648897,31368,7173
871879754684805121,34364,9668
871762521631449091,18524,3081
871515927908634625,18500,3072
871102520638267392,19194,4887
871032628920680449,20873,3377
870804317367881728,30878,5480
870726314365509632,112,3
870656317836468226,11282,2308
870374049280663552,76497,23705
870308999962521604,20143,3685
870063196459192321,33550,7391
869772420881756160,39220,9055
869702957897576449,25930,5604
869596645499047938,14703,2768
869227993411051520,18786,3350
868880397819494401,60091,12832
868639477480148993,0,1836
868622495443632128,24481,4714
868552278524837888,9280,1836
867900495410671616,22346,3745
867774946302451713,31343,6556
867421006826221569,14816,2228
867072653475098625,0,106
867051520902168576,29723,7069
866720684873056260,18446,4309
866686824827068416,17772,3100
866450705531457537,112786,31623
866334964761202691,48300,12788
866094527597207552,0,7515
865718153858494464,23779,5061
865359393868664832,24462,4498
865006731092295680,25922,6958
864873206498414592,29828,7821
864279568663928832,13520,2709
864197398364647424,27713,7944
863907417377173506,19119,3741
863553081350529029,14132,3785
863471782782697472,0,2179
863432100342583297,22054,4739
863427515083354112,2032,85
863079547188785154,8154,1007
863062471531167744,7804,2179
862831371563274240,17796,4645
862722525377298433,15886,3215
862457590147678208,18943,4449
862096992088072192,68776,20931
861383897657036800,33531,9712
861288531465048066,15939,3749
861005113778896900,15531,3469
860981674716409858,0,1937
860924035999428608,0,712
860563773140209665,6968,1937
860524505164394496,22037,4805
860276583193509888,17150,3204
860184849394610176,15511,5337
860177593139703809,0,28086
859924526012018688,18290,3730
859851578198683649,14430,3212
859607811541651456,17411,1412
859196978902773760,83703,27475
859074603037188101,31542,12484
858860390427611136,0,7417
858843525470990336,14599,3172
858471635011153920,20181,4460
858107933456039936,14750,2647
857989990357356544,15040,2365
857746408056729600,32012,9756
857393404942143489,5519,1503
857263160327368704,18849,4147
857214891891077121,210,16
857062103051644929,0,154
857029823797047296,17678,3660
856543823941562368,15387,2658
856526610513747968,11177,1737
856330835276025856,0,615
856288084350160898,487,15
856282028240666624,26085,5805
855862651834028034,313,22
855860136149123072,4602,895
855857698524602368,11207,1948
855851453814013952,43279,16762
855818117272018944,25150,5024
855459453768019968,28082,7615
855245323840757760,0,5512
855138241867124737,0,39
854732716440526848,21449,5627
854482394044301312,27582,6325
854365224396361728,17852,4357
854120357044912130,30269,6939
854010172552949760,15378,2927
853760880890318849,27064,5364
853639147608842240,32787,9315
853299958564483072,14691,3311
852936405516943360,0,1854
852912242202992640,8542,1684
852672615818899456,14170,2016
852553447878664193,15458,3253
852311364735569921,31479,9290
852226086759018497,18992,6385
852189679701164033,10924,1482
851861385021730816,0,19
851591660324737024,15502,3258
851464819735769094,23099,6619
851224888060895234,19719,5397
850753642995093505,29285,8503
850380195714523136,12513,2439
850333567704068097,3298,308
850145622816686080,15572,3556
850019790995546112,19473,4577
849776966551130114,29016,7143
849668094696017920,0,4665
849412302885593088,15187,2964
849336543269576704,10914,1774
849051919805034497,40486,7968
848690551926992896,24130,4082
848324959059550208,23683,4363
848213670039564288,7828,675
848212111729840128,15634,2845
847978865427394560,0,3071
847971574464610304,0,416
847962785489326080,22539,4799
847842811428974592,5196,1246
847617282490613760,6699,389
847606175596138505,18006,3238
847251039262605312,19675,4092
847157206088847362,19040,5515
847116187444137987,20614,3011
846874817362120707,19281,3714
846514051647705089,42774,10912
846505985330044928,13573,2901
846153765933735936,30286,8544
846139713627017216,29818,9566
846042936437604353,15364,2708
845812042753855489,28069,8238
845677943972139009,24252,4569
845397057150107648,7333,1688
845306882940190720,22445,5090
845098359547420673,0,7258
844979544864018432,13137,2416
844973813909606400,14463,2998
844580511645339650,15843,2948
844223788422217728,13175,2073
843981021012017153,14645,2808
843856843873095681,20701,4376
843604394117681152,16283,2597
843235543001513987,20729,5693
842846295480000512,14761,3456
842765311967449089,6498,1205
842535590457499648,17498,3342
842163532590374912,23586,5512
842115215311396866,13508,2880
841833993020538882,0,14280
841680585030541313,24916,7476
841439858740625411,12182,3488
841320156043304961,19142,5262
841314665196081154,15294,4421
841077006473256960,22096,5074
840761248237133825,0,1676
840728873075638272,0,15291
840698636975636481,172,2
840696689258311684,11877,925
840632337062862849,8704,1676
840370681858686976,15905,4345
840268004936019968,18613,5468
839990271299457024,12992,2168
839549326359670784,26538,7417
839290600511926273,0,137
839239871831150596,26228,6227
838952994649550848,19042,3829
838921590096166913,10793,1951
838916489579200512,0,32
838831947270979586,0,10538
838561493054533637,10627,1271
838476387338051585,21766,4539
838201503651401729,0,9611
838150277551247360,1614,318
838085839343206401,136,1
838083903487373313,17102,2982
837820167694528512,33038,7515
837482249356513284,3742,425
837471256429613056,12421,2162
837110210464448512,15574,2264
836989968035819520,12390,2205
836753516572119041,18814,4451
836677758902222849,12273,2130
836648853927522308,0,531
836397794269200385,0,26373
836380477523124226,14366,2870
836260088725786625,20703,4141
836001077879255040,18519,4093
835685285446955009,0,7810
835574547218894849,17304,3465
835536468978302976,0,1619
835309094223372289,0,20113
835297930240217089,16015,2867
835264098648616962,7505,1619
835246439529840640,2046,68
835172783151792128,25453,5538
835152434251116546,21750,2881
834931633769889797,10485,1560
834786237630337024,20869,5318
834574053763584002,13277,2418
834477809192075265,0,10240
834458053273591808,9357,1610
834209720923721728,19992,4555
834167344700198914,15412,3531
834089966724603904,9768,2056
834086379323871233,12710,2121
833863086058651648,13083,2312
833826103416520705,17650,3617
833732339549220864,0,212
833722901757046785,20325,3118
833479644947025920,14493,1966
833124694597443584,19688,4665
832998151111966721,12906,2117
832769181346996225,0,38
832757312314028032,16429,3484
832682457690300417,11561,2810
832645525019123713,2854,513
832636094638288896,15466,2683
832397543355072512,11677,2127
832369877331693569,16727,3071
832273440279240704,11058,2247
832215909146226688,0,6000
832215726631055365,0,8997
832088576586297345,61,2
832040443403784192,0,9247
832032802820481025,17399,4500
831939777352105988,23364,5920
831926988323639298,324,34
831911600680497154,26862,6265
831670449226514432,10168,1748
831650051525054464,6945,1854
831552930092285952,8745,2251
831322785565769729,9056,1497
831315979191906304,6373,1077
831309418084069378,11478,2384
831262627380748289,11604,1977
830956169170665475,7786,1438
830583320585068544,65032,16158
830173239259324417,0,5475
830097400375152640,9530,2827
829878982036299777,0,4825
829861396166877184,11959,1870
829501995190984704,30964,10240
829449946868879360,10211,1941
829141528400556032,23774,7092
829011960981237760,52064,15834
828801551087042563,0,3305
828770345708580865,24964,5656
828708714936930305,35635,10819
828650029636317184,9298,1293
828409743546925057,6207,1119
828408677031882754,7512,1242
828381636999917570,12301,2154
828376505180889089,7222,1035
828372645993398273,12294,2834
828361771580813312,2132,172
828046555563323392,11468,2764
828011680017821696,10120,2091
827933404142436356,19585,5077
827653905312006145,15144,2924
827600520311402496,7302,910
827324948884643840,15483,2935
827199976799354881,10331,2154
826958653328592898,21051,4825
826848821049180160,35375,9817
826615380357632002,0,3860
826598799820865537,5017,241
826598365270007810,9783,2276
826476773533745153,17991,4059
826240494070030336,12978,2531
826204788643753985,4767,888
826115272272650244,15294,3006
825876512159186944,10249,1803
825829644528148480,12473,2427
825535076884762624,55778,17071
825147591692263424,17896,4393
825120256414846976,0,1210
825026590719483904,6128,1210
824796380199809024,0,5349
824775126675836928,14608,3398
824663926340194305,10306,1713
824325613288833024,11572,10291
824297048279236611,14729,3737
824025158776213504,4732,582
823939628516474880,10421,2637
823719002937630720,0,10833
823699002998870016,13679,2446
823581115634085888,12738,2546
823333489516937216,689,22
823322678127919110,15411,3891
823269594223824897,0,9612
822975315408461824,16970,3343
822872901745569793,128771,41904
822859134160621569,12957,2205
822647212903690241,0,6207
822610361945911296,14501,2853
822489057087389700,17762,6207
822462944365645825,27333,13825
822244816520155136,34288,9612
822163064745328640,0,4605
821886076407029760,11091,2239
821813639212650496,0,3278
821765923262631936,8229,1620
821522889702862852,7874,1704
821421320206483457,0,5404
821407182352777218,11501,4195
821153421864615936,249,10
821149554670182400,8446,1903
821107785811234820,9409,2072
821044531881721856,12419,2215
820837357901512704,0,6525
820749716845686786,30943,9611
820690176645140481,12001,3143
820494788566847489,0,549
820446719150292993,0,2490
820314633777061888,3287,549
820078625395449857,19406,6117
820013781606658049,0,1138
819952236453363712,5220,1138
819924195358416896,12685,4756
819711362133872643,13122,3031
819588359383371776,9477,1945
819347104292290561,7091,1173
819238181065359361,2212,398
819227688460238848,22629,6525
819015337530290176,0,36090
819015331746349057,0,18579
819006400881917954,44559,18579
819004803107983360,85531,36090
818646164899774465,0,20387
818627210458333184,22000,7363
818614493328580609,9649,2468
818588835076603904,0,5966
818536468981415936,10654,2388
818307523543449600,0,7840
818259473185828864,10807,2195
818145370475810820,12042,2485
817908911860748288,4763,776
817827839487737858,50596,26373
817777686764523521,10551,2612
817536400337801217,11564,2870
817502432452313088,0,3305
817423860136083457,33132,14280
817415592588222464,5495,926
817181837579653120,0,8222
817171292965273600,8611,1975
817120970343411712,11992,2528
817056546584727552,8438,1599
816829038950027264,0,4593
816816676327063552,9817,1981
816697700272001025,9606,2138
816450570814898180,29836,7840
816336735214911488,8448,1897
816091915477250048,8775,2082
816062466425819140,0,989
816014286006976512,0,5124
815990720817401858,4854,989
815966073409433600,21979,8222
815745968457060357,0,4034
815736392542261248,9675,2213
815639385530101762,8084,1609
815390420867969024,10174,3724
814986499976527872,7529,1244
814638523311648768,11091,2640
814578408554463233,0,5702
814530161257443328,8494,1825
814153002265309185,28259,8470
813944609378369540,0,3117
813910438903693312,9173,1820
813812741911748608,35879,13651
813800681631023104,8191,1713
813217897535406080,18340,7142
813202720496779264,9094,1778
813187593374461952,19552,4250
813172488309972993,9125,1889
813157409116065792,7645,2151
813142292504645637,8362,2339
813130366689148928,4426,434
813127251579564032,11614,3041
813112105746448384,10139,2672
813096984823349248,10412,3543
813081950185472002,9757,2728
813066809284972545,7805,1908
813051746834595840,20617,7196
812781120811126785,7430,1863
812709060537683968,6516,1410
812503143955202048,5964,1191
812466873996607488,7851,1885
812372279581671427,13445,3584
811985624773361665,7159,1372
811744202451197953,7421,1552
811647686436880384,5521,721
811627233043480576,12545,3000
811386762094317568,20608,6246
810984652412424192,5229,1396
810896069567610880,8865,1724
810657578271330305,10801,2574
810284430598270976,34661,10997
810254108431155201,14485,3305
809920764300447744,15330,3860
809808892968534016,0,4798
809448704142938112,6848,1432
809220051211603969,19609,5475
809084759137812480,13028,3456
808838249661788160,9972,2978
808733504066486276,7783,2115
808501579447930884,11139,2554
808344865868283904,41837,20387
808134635716833280,0,5791
808106460588765185,8682,2162
808001312164028416,12344,3470
807621403335917568,14383,3542
807106840509214720,116299,54193
807059379405148160,0,7182
807010152071229440,12928,3790
806629075125202948,73458,33900
806620845233815552,0,5417
806576416489959424,4822,1920
806542213899489280,10070,2315
806242860592926720,0,11391
806219024703037440,6367,1173
805958939288408065,0,5264
805932879469572096,8177,1886
805826884734976000,6474,1783
805823200554876929,0,7843
805520635690676224,5670,1625
805487436403003392,8685,2480
805207613751304193,7728,1689
804738756058218496,13491,3748
804475857670639616,6056,1972
804413760345620481,0,3168
804026241225523202,43782,15797
803773340896923648,9924,2690
803692223237865472,0,7301
803638050916102144,10801,4072
803380650405482500,7655,1845
803321560782307329,0,5205
803276597545603072,9900,2409
802952499103731712,8898,1956
802624713319034886,0,2850
802600418706604034,7008,1429
802572683846291456,8831,2466
802323869084381190,15968,5732
802265048156610565,6840,1350
802239329049477120,8969,2575
802185808107208704,0,269
801958328846974976,7657,1682
801854953262350336,1770,234
801538201127157760,8122,2033
801285448605831168,5957,804
801167903437357056,24104,5791
801127390143516673,0,3881
801115127852503040,7968,2064
800859414831898624,678,96
800855607700029440,0,1578
800751577355128832,10441,2747
800513324630806528,12971,2944
800459316964663297,9384,2137
800443802682937345,0,4227
800388270626521089,11012,2759
800188575492947969,0,3858
800141422401830912,15070,2490
800018252395122689,27944,12880
799774291445383169,0,4576
799757965289017345,8276,2117
799422933579902976,7952,1890
799308762079035393,0,5359
799297110730567681,9738,2696
799063482566066176,7986,2431
798933969379225600,12902,4373
798925684722855936,7417,1416
798705661114773508,0,6519
798701998996647937,0,7621
798697898615730177,0,6405
798694562394996736,0,4863
798686750113755136,0,2289
798682547630837760,0,4662
798673117451325440,0,5468
798665375516884993,0,3845
798644042770751489,0,1815
798628517273620480,0,1942
798585098161549313,0,5565
798576900688019456,0,5734
798340744599797760,0,3266
798209839306514432,10274,2503
797971864723324932,11429,3047
797545162159308800,14374,4795
797236660651966464,19665,6438
797165961484890113,223,26
796904159865868288,0,8759
796865951799083009,7577,1888
796759840936919040,11634,2978
796563435802726400,0,7086
796484825502875648,7466,1722
796387464403357696,10844,4068
796177847564038144,0,14012
796149749086875649,31811,14012
796125600683540480,4899,1762
796116448414461957,8963,2359
796080075804475393,8346,2262
796031486298386433,10653,3653
795464331001561088,48804,23103
795400264262053889,9887,2802
795076730285391872,15978,5349
794983741416415232,0,3306
794926597468000259,10081,2270
794355576146903043,0,10088
794332329137291264,9478,2630
794205286408003585,9116,3258
793962221541933056,16596,4798
793845145112371200,9107,1823
793614319594401792,0,3075
793601777308463104,7876,1584
793500921481273345,10525,2335
793286476301799424,24252,8997
793271401113350145,8578,2352
793256262322548741,19716,8193
793241302385262592,10365,3235
793226087023144960,9671,2829
793210959003287553,8811,2746
793195938047070209,15054,5514
793180763617361921,6843,1964
793165685325201412,9263,2734
793150605191548928,6103,1668
793135492858580992,6315,2456
793120401413079041,12481,3837
792913359805018113,14101,3898
792883833364439040,11134,4182
792773781206999040,7255,1646
792394556390137856,13216,4226
792050063153438720,7036,1754
791821351946420224,0,20693
791784077045166082,0,9368
791780927877898241,0,3749
791774931465953280,44442,21742
791672322847637504,11582,3075
791406955684368384,12960,4034
791312159183634433,8636,2483
791026214425268224,0,4014
790987426131050500,9676,2091
790946055508652032,16435,4593
790723298204217344,0,2261
790698755171364864,8079,1884
790581949425475584,20354,6969
790337589677002753,7716,1852
790277117346975746,12377,3117
790227638568808452,0,3488
789986466051088384,9118,2261
789960241177853952,0,4016
789903600034189313,10192,4058
789628658055020548,7373,1731
789599242079838210,6638,1884
789530877013393408,11544,3306
789314372632018944,8514,2248
789280767834746880,0,4823
789268448748703744,8976,2560
789137962068021249,9565,2731
788908386943430656,27026,12241
788765914992902144,26912,10088
788552643979468800,0,7003
788412144018661376,15301,5158
788178268662984705,7128,2052
788150585577050112,6024,1253
788070120937619456,0,3364
788039637453406209,6033,1282
787810552592695296,8491,2986
787717603741622272,10100,2716
787397959788929025,10726,2791
787322443945877504,7674,1704
787111942498508800,0,6609
786963064373534720,26228,7810
786729988674449408,0,2382
786709082849828864,17980,6000
786664955043049472,10421,2482
786595970293370880,9319,3067
786363235746385920,10715,3401
786286427768250368,7849,2772
786233965241827333,15003,4605
786051337297522688,1401,153
786036967502913536,0,6833
785927819176054784,11212,3123
785872687017132033,6604,1761
785639753186217984,7744,2191
785533386513321988,8949,1947
785515384317313025,6018,1228
785264754247995392,7153,1591
785170936622350336,11839,4718
784826020293709826,9936,3168
784517518371221505,8828,2471
784431430411685888,5638,1242
784183165795655680,19707,7843
784057939640352768,29233,10833
783839966405230592,29473,10538
783821107061198850,7242,1914
783695101801398276,10283,3140
783466772167098368,8298,2179
783391753726550016,16600,5333
783347506784731136,0,5402
783334639985389568,28595,11391
783085703974514689,8027,2141
782969140009107456,23726,7182
782747134529531904,7343,1380
782722598790725632,16962,5264
782598640137187329,7670,1833
782305867769217024,16347,5404
782021823840026624,0,6046
781955203444699136,10946,3288
781661882474196992,10258,2652
781655249211752448,3926,1105
781524693396357120,20382,5417
781308096455073793,7010,2497
781251288990355457,8252,2026
781163403222056960,9626,2692
780931614150983680,21218,7086
780858289093574656,7072,1960
780800785462489090,5380,1261
780601303617732608,11873,3278
780543529827336192,6175,1702
780496263422808064,0,3571
780476555013349377,0,109
780459368902959104,5191,1046
780192070812196864,8531,2184
780092040432480260,0,2237
780074436359819264,11886,4818
779834332596887552,18506,6833
779377524342161408,8594,3024
779124354206535695,0,17803
779056095788752897,14452,4399
778990705243029504,19548,6989
778774459159379968,0,9613
778764940568104960,847,354
778748913645780993,6739,1268
778650543019483137,5633,1457
778624900596654080,4517,985
778408200802557953,13342,4191
778396591732486144,0,11877
778383385161035776,5701,1067
778286810187399168,10166,3209
778039087836069888,8315,2568
778027034220126208,6419,1561
777953400541634568,0,3423
777885040357281792,6225,1584
777684233540206592,10993,2850
777641927919427584,0,4106
777621514455814149,8545,2444
777189768882946048,13936,4196
776819012571455488,0,13309
776813020089548800,4784,1173
776477788987613185,8614,2690
776249906839351296,0,8854
776218204058357768,29206,15377
776201521193218049,9372,2449
776113305656188928,11507,4227
776088319444877312,1796,147
775898661951791106,0,16292
775842724423557120,11446,2583
775733305207554048,13585,3881
775729183532220416,12710,4476
775364825476165632,7217,2870
775350846108426240,9922,3801
775085132600442880,15189,4576
774757898236878852,8425,1734
774639387460112384,6585,1679
774314403806253056,21291,5359
773985732834758656,10496,3745
773922284943896577,6260,1701
773704687002451968,6451,1571
773670353721753600,5230,1276
773547596996571136,21609,5966
773336787167145985,0,4898
773308824254029826,22782,7258
773247561583001600,9252,3162
773191612633579521,9771,4014
772877495989305348,8356,3753
772826264096874500,7848,2291
772615324260794368,0,3282
772581559778025472,6337,1656
772193107915964416,5871,1341
772152991789019136,3720,1102
772117678702071809,3677,717
772114945936949249,2668,458
772102971039580160,3912,908
771908950375665664,6406,1826
771770456517009408,11711,3266
771500966810099713,8082,2535
771380798096281600,10254,4898
771171053431250945,0,7212
771136648247640064,8931,2837
771102124360998913,6077,1397
771014301343748096,6728,1607
770787852854652928,4816,1166
770772759874076672,5059,1376
770655142660169732,7188,1730
770414278348247044,6178,2035
770293558247038976,6071,1420
770093767776997377,0,2951
770069151037685760,7405,2226
769940425801170949,30496,9247
769695466921623552,6271,1634
769335591808995329,0,7496
769212283578875904,5260,1660
768970937022709760,13945,6295
768909767477751808,0,2591
768855141948723200,4078,860
768609597686943744,4003,1160
768596291618299904,4910,1240
768554158521745409,0,5655
768473857036525572,13276,3306
768193404517830656,10601,3423
767884188863397888,4634,1333
767754930266464257,15595,5205
767500508068192258,7312,2268
767191397493538821,11987,3637
767122157629476866,9930,2767
766864461642756096,0,5437
766793450729734144,4911,1320
766714921925144576,2540,364
766693177336135680,3912,774
766423258543644672,5859,1529
766313316352462849,6622,1821
766078092750233600,0,2541
766069199026450432,4118,820
766008592277377025,3659,482
765719909049503744,7061,2094
765669560888528897,5055,1198
765395769549590528,26044,3282
765371061932261376,6889,2100
765222098633691136,11349,3282
764857477905154048,6298,1723
764259802650378240,5859,1456
763956972077010945,748,52
763837565564780549,12228,4014
763183847194451968,5231,1425
763167063695355904,0,2907
763103485927849985,7182,2235
762699858130116608,11802,3488
762471784394268675,10935,6192
762464539388485633,10021,4016
762316489655476224,4667,1079
762035686371364864,30981,15002
761976711479193600,5259,1931
761750502866649088,0,3780
761745352076779520,4166,834
761672994376806400,48064,28086
761599872357261312,4014,1155
761371037149827077,0,17469
761334018830917632,5049,1409
761292947749015552,4370,1052
761227390836215808,5192,1515
761004547850530816,11049,3364
760893934457552897,3718,938
760656994973933572,6407,1843
760641137271070720,4846,1250
760539183865880579,7364,3502
760521673607086080,4098,1348
760290219849637889,26073,11086
760252756032651264,3843,846
760190180481531904,5544,1737
760153949710192640,0,30
759943073749200896,5777,2009
759923798737051648,14284,5437
759846353224826880,6553,1903
759793422261743616,5792,1845
759557299618865152,4552,1151
759447681597108224,8260,2382
759446261539934208,1625,469
759197388317847553,5918,1883
759159934323924993,0,1118
759099523532779520,14105,4005
759047813560868866,6293,1932
758854675097526272,3452,873
758828659922702336,10897,3718
758740312047005698,5582,1567
758474966123810816,3687,961
758467244762497024,4658,2135
758405701903519748,5058,1842
758355060040593408,3278,1022
758099635764359168,18487,9613
758041019896193024,2624,358
757741869644341248,6673,3151
757729163776290825,0,7628
757725642876129280,4416,1171
757611664640446465,4441,1058
757597904299253760,0,290
757596066325864448,4218,1019
757400162377592832,14701,6594
757393109802180609,5646,1673
757354760399941633,4382,1368
756998049151549440,6104,1915
756939218950160384,6446,1931
756651752796094464,4902,1250
756526248105566208,10109,3457
756303284449767430,3825,1069
756288534030475264,42797,17100
756275833623502848,6204,1478
755955933503782912,7099,2765
755206590534418437,15963,5155
755110668769038337,20562,10697
754874841593970688,0,7619
754856583969079297,6689,2418
754747087846248448,2515,499
754482103782404096,5132,1883
754449512966619136,3638,708
754120377874386944,7653,2270
753655901052166144,5669,2095
753420520834629632,7640,3422
753398408988139520,5574,1831
753375668877008896,7408,2237
753298634498793472,0,5475
753294487569522689,3258,1003
753039830821511168,35964,20113
753026973505581056,3804,923
752932432744185856,12223,6609
752917284578922496,6731,1513
752701944171524096,0,2760
752682090207055872,5829,1536
752660715232722944,4242,1501
752568224206688256,5318,2191
752519690950500352,7149,3320
752334515931054080,3709,1059
752309394570878976,0,15603
752173152931807232,5778,1763
751950017322246144,2975,878
751937170840121344,5034,1264
751830394383790080,5647,1874
751793661361422336,5632,2789
751598357617971201,7705,2936
751583847268179968,4259,1055
751538714308972544,4890,1208
751456908746354688,3114,968
751251247299190784,12154,5647
751205363882532864,6128,1744
751132876104687617,4911,1254
750868782890057730,4627,1311
750719632563142656,12747,4823
750506206503038976,4308,1105
750429297815552001,12774,4106
750383411068534784,4410,1099
750381685133418496,673,27
750147208377409536,3008,925
750132105863102464,3501,1239
750117059602808832,4206,1260
750101899009982464,2947,812
750086836815486976,2107,515
750071704093859840,7569,3190
750056684286914561,3064,867
750041628174217216,3068,585
750026558547456000,2636,757
750011400160841729,3129,868
749996283729883136,2959,786
749981277374128128,4945,2375
749774190421639168,4528,1273
749417653287129088,5911,1580
749403093750648834,2528,509
749395845976588288,8291,3297
749317047558017024,5313,2154
749075273010798592,5577,1991
749064354620928000,4655,1470
749036806121881602,2999,765
748977405889503236,10435,3268
748932637671223296,5614,2162
748705597323898880,2690,918
748699167502000129,4595,1524
748692773788876800,4111,1289
748575535303884801,5872,1910
748568946752774144,2136,647
748346686624440324,5053,1187
748337862848962560,7357,3942
748324050481647620,3567,725
748307329658011649,3578,686
748220828303695873,13671,7451
747963614829678593,5586,2057
747933425676525569,6403,2452
747885874273214464,2835,930
747844099428986880,2725,719
747816857231626240,4685,1118
747651430853525504,1324,147
747648653817413632,12456,5590
747600769478692864,2260,540
747594051852075008,3559,1004
747512671126323200,5341,1546
747461612269887489,3750,1004
747439450712596480,5237,1837
747242308580548608,0,2784
747219827526344708,5088,1503
747204161125646336,3247,872
747103485104099331,9223,3798
746906459439529985,2804,284
746872823977771008,5785,2047
746818907684614144,5138,1672
746790600704425984,4707,1531
746757706116112384,9238,3748
746726898085036033,5851,1722
746542875601690625,4871,1819
746521445350707200,0,941
746507379341139972,4504,1043
746369468511756288,5991,1566
746131877086527488,6652,2101
746056683365994496,3460,781
745789745784041472,3864,1020
745712589599014916,6768,2227
745433870967832576,6820,2441
742528092657332225,4263,1875
739606147276148736,5209,1582
673148804208660480,1579,577
672997845381865473,1842,656
672995267319328768,881,268
672988786805112832,914,267
672984142909456390,1176,506
672980819271634944,1700,932
672975131468300288,1562,826
672970152493887488,882,328
672968025906282496,1239,496
672964561327235073,1322,589
672902681409806336,1280,455
672898206762672129,841,389
672884426393653248,1435,775
672877615439593473,956,325
672834301050937345,1217,528
672828477930868736,1161,449
672640509974827008,914,289
672622327801233409,1199,442
672614745925664768,1137,534
672609152938721280,1027,357
672604026190569472,1028,364
672591762242805761,885,305
672591271085670400,667,174
672538107540070400,946,334
672523490734551040,583,151
672488522314567680,1036,398
672482722825261057,1045,545
672481316919734272,671,120
672475084225949696,1347,647
672466075045466113,1256,483
672272411274932228,5981,3090
672267570918129665,1379,564
672264251789176834,1052,307
672256522047614977,2627,1408
672254177670729728,1333,681
672248013293752320,1610,552
672245253877968896,631,143
672239279297454080,838,297
672231046314901505,1696,928
672222792075620352,732,193
672205392827572224,2092,1050
672169685991993344,949,336
672160042234327040,819,328
672139350159835138,1619,638
672125275208069120,2218,1047
672095186491711488,926,339
672082170312290304,879,336
672068090318987265,1197,468
671896809300709376,7909,3845
671891728106971137,1218,518
671882082306625538,3245,1277
671879137494245376,1310,608
671874878652489728,1166,506
671866342182637568,1045,448
671855973984772097,836,398
671789708968640512,6583,3174
671768281401958400,1112,453
671763349865160704,1549,826
671744970634719232,1260,708
671743150407421952,699,218
671735591348891648,1339,692
671729906628341761,7900,3981
671561002136281088,11896,6640
671550332464455680,843,192
671547767500775424,1253,538
671544874165002241,1822,954
671542985629241344,1016,518
671538301157904385,865,352
671536543010570240,1097,371
671533943490011136,945,532
671528761649688577,782,235
671520732782923777,1294,487
671518598289059840,879,272
671511350426865664,1474,643
671504605491109889,6487,3287
671497587707535361,859,415
671488513339211776,931,439
671486386088865792,533,180
671485057807351808,710,213
671390180817915904,1335,685
671362598324076544,1031,270
671357843010908160,370,143
671355857343524864,450,111
671347597085433856,881,388
671186162933985280,672,190
671182547775299584,1027,307
892177421306343426,30336,5487
891815181378084864,22808,3629
891689557279858688,38307,7542
891327558926688256,36574,8128
891087950875897856,18446,2721
890971913173991426,10731,1760
890729181411237888,58979,16490
890609185150312448,25383,3770
890240255349198849,28956,6389
890006608113172480,27936,6414
889880896479866881,25397,4352
889665388333682689,43627,8745
889638837579907072,24518,3904
889531135344209921,13815,1969
889278841981685760,22880,4644
888917238123831296,26494,3916
888804989199671297,23252,3705
888554962724278272,17936,3014
888078434458587136,19835,3036
887705289381826560,27564,4716
887517139158093824,42166,10280
887473957103951883,62410,15707
887343217045368832,30604,9212
887101392804085760,27894,5211
886983233522544640,31590,6668
886736880519319552,10869,2775
886680336477933568,20462,3916
886366144734445568,19203,2763
886267009285017600,108,3
886258384151887873,25441,5526
886054160059072513,0,96
885984800019947520,29627,5866
885528943205470208,32696,5581
885518971528720385,18635,3263
885311592912609280,0,16158
885167619883638784,19909,3822
884925521741709313,69910,15779
884876753390489601,25296,4885
884562892145688576,22111,4102
884441805382717440,24685,4978
884247878851493888,65851,17752
884162670584377345,18566,2615
883838122936631299,19874,2987
883482846933004288,41679,8635
883360690899218434,20634,3218
883117836046086144,33720,5796
882992080364220416,21737,3389
882762694511734784,25687,4269
882627270321602560,25506,5295
882268110199369728,40715,10116
882045870035918850,26660,4248
881906580714921986,22175,2974
881666595344535552,46112,9338
881633300179243008,115,8
881536004380872706,45004,14004
881268444196462592,21196,4650
880935762899988482,15566,2443
880872448815771648,19384,3341
880465832366813184,25876,5437
880221127280381952,24509,3631
880095782870896641,25145,3807
879862464715927552,20380,3047
879674319642796034,288,10
879492040517615616,21404,2771
879415818425184262,96171,39077
879376492567855104,15362,2744
879130579576475649,0,5979
879050749262655488,20537,4130
879008229531029506,17340,2347
878776093423087618,17681,3602
878604707211726852,27390,6197
878404777348136964,0,1119
878316110768087041,0,5803
878281511006478336,7032,1119
878057613040115712,38362,5979
877736472329191424,72025,16600
877611172832227328,0,71
877556246731214848,20680,3325
877316821321428993,25021,4572
877201837425926144,24697,4874
876838120628539392,18876,2927
876537666061221889,21706,4130
876484053909872640,17151,2083
876120275196170240,25565,4090
875747767867523072,22939,3756
875144289856114688,20023,4306
875097192612077568,25083,5355
873580283840344065,22172,3470
873337748698140672,0,1394
871166179821445120,0,5074
745422732645535745,8277,2318
745314880350101504,6899,2630
745074613265149952,7566,3340
745057283344719872,6990,2151
744995568523612160,2863,588
744971049620602880,7607,2569
744709971296780288,5402,1498
744334592493166593,6527,2011
744234799360020481,150577,74317
744223424764059648,1597,347
743980027717509120,4028,1051
743895849529389061,3531,928
743835915802583040,0,1980
743609206067040256,4315,1333
743595368194129920,17678,6246
743545585370791937,3411,903
743510151680958465,7657,3565
743253157753532416,4092,1173
743222593470234624,5979,1835
743210557239623680,3704,1309
742534281772302336,6814,3422
742465774154047488,6999,3758
742423170473463808,9474,3571
742385895052087300,6554,1877
742161199639494656,4144,1303
742150209887731712,4920,1475
741793263812808706,4384,1438
741743634094141440,7865,2620
741438259667034112,3559,783
741303864243200000,8461,3068
741099773336379392,9621,5277
741067306818797568,9195,2951
740995100998766593,6108,2596
740711788199743490,3267,900
740699697422163968,2744,745
740676976021798912,17481,6519
740373189193256964,33737,12724
740365076218183684,2366,409
740359016048689152,3165,823
740214038584557568,6442,1872
739979191639244800,19224,5654
739932936087216128,3910,1032
739844404073074688,3661,819
739623569819336705,3630,1301
739544079319588864,37951,20223
739485634323156992,6869,2788
739238157791694849,111372,55383
738891149612572673,101,6
738885046782832640,3634,1095
738883359779196928,3175,756
738537504001953792,4892,1466
738402415918125056,3137,785
738184450748633089,4157,1159
738166403467907072,8424,3185
738156290900254721,2406,615
737826014890496000,5061,1692
737800304142471168,9628,3311
737678689543020544,4836,1255
737445876994609152,9841,4244
737322739594330112,3463,775
737310737551491075,14080,7077
736736130620620800,4077,1638
736392552031657984,17001,7003
736365877722001409,3824,1181
736225175608430592,7793,2662
736010884653420544,7573,2831
735991953473572864,3446,1094
735648611367784448,3890,1051
735635087207878657,5930,2248
735274964362878976,12520,4784
735256018284875776,3202,840
735137028879360001,3008,928
734912297295085568,2646,507
734787690684657664,12034,6001
734776360183431168,2406,509
734559631394082816,1431,377
733828123016450049,3437,748
733822306246479872,3533,977
733482008106668032,2996,902
733460102733135873,4016,1206
733109485275860992,51319,16292
732732193018155009,2331,511
732726085725589504,3422,851
732585889486888962,3513,746
732375214819057664,7761,2390
732005617171337216,14261,5124
731285275100512256,3361,953
731156023742988288,3689,1207
730924654643314689,5899,1886
730573383004487680,4684,2027
730427201120833536,3348,988
730211855403241472,3658,1012
730196704625098752,4643,1793
729854734790754305,3864,1067
729838605770891264,1661,360
729823566028484608,3818,1183
729463711119904772,5541,2206
729113531270991872,1804,304
728986383096946689,3018,778
728760639972315136,4475,1624
728751179681943552,2657,646
728653952833728512,3183,996
728409960103686147,4702,1903
728387165835677696,3563,914
728046963732717569,4115,1148
728035342121635841,4367,1590
728015554473250816,3960,1048
727685679342333952,2845,606
727644517743104000,5621,1665
727524757080539137,4284,1156
727314416056803329,3193,708
727286334147182592,2933,782
727175381690781696,3762,1326
727155742655025152,3478,1263
726935089318363137,6592,2318
726887082820554753,3683,1444
726828223124897792,3427,959
726224900189511680,4244,1094
725842289046749185,6803,2541
725786712245440512,3999,1307
725729321944506368,4986,1688
725458796924002305,1359,583
724983749226668032,3583,1234
724771698126512129,2241,603
724405726123311104,5075,1585
724049859469295616,4160,1697
724046343203856385,2554,530
724004602748780546,4012,1467
723912936180330496,3733,1172
723688335806480385,7340,2783
723673163800948736,2908,844
723179728551723008,5076,1774
722974582966214656,3927,1491
722613351520608256,4780,1558
721503162398597120,4416,1738
721001180231503872,2425,586
720785406564900865,2968,730
720775346191278080,2355,628
720415127506415616,3966,1427
720389942216527872,6104,2384
720340705894408192,2748,928
720059472081784833,3700,1070
720043174954147842,4727,1914
719991154352222208,4642,1658
719704490224398336,4349,1358
719551379208073216,4846,1805
719367763014393856,2681,711
719339463458033665,4275,1177
719332531645071360,3297,903
718971898235854848,3333,1030
718939241951195136,5035,1667
718631497683582976,18087,7621
718613305783398402,2336,456
718540630683709445,2339,964
718460005985447936,2585,499
718454725339934721,4652,1437
718246886998687744,1835,471
718234618122661888,3713,944
717841801130979328,2349,568
717790033953034240,2742,1046
717537687239008257,5560,1756
717428917016076293,1551,427
717421804990701568,3024,798
717047459982213120,6034,1831
717009362452090881,3107,914
716802964044845056,4117,1112
716791146589110272,7897,1510
716730379797970944,1186,411
716447146686459905,12518,5574
716439118184652801,2290,200
716285507865542656,2665,1005
716080869887381504,6508,1817
715928423106027520,3062,841
715758151270801409,3558,1362
715733265223708672,4488,1610
715704790270025728,2659,546
715696743237730304,3751,1231
715680795826982913,4111,1526
715360349751484417,5240,1491
715342466308784130,2925,655
715220193576927233,2326,616
715200624753819648,4948,1775
715009755312439296,3984,1164
714982300363173890,3571,987
714962719905021952,7042,4039
714957620017307648,3984,1347
714631576617938945,3143,944
714606013974974464,3491,879
714485234495041536,2553,1074
714258258790387713,2914,697
714251586676113411,3141,798
714214115368108032,2191,831
714141408463036416,4146,1336
713919462244790272,3155,755
713909862279876608,1819,517
713900603437621249,2726,697
713761197720473600,4658,1303
713411074226274305,4258,1243
713177543487135744,6930,2733
713175907180089344,4265,1407
712809025985978368,18271,6404
712717840512598017,11819,4733
712668654853337088,3998,1154
712438159032893441,5103,1496
712309440758808576,228,25
712097430750289920,3620,987
712092745624633345,2828,850
712085617388212225,3140,464
712065007010385924,2166,595
711998809858043904,0,123
711968124745228288,7722,2202
711743778164514816,2726,949
711732680602345472,8443,3888
711694788429553666,31507,17468
711652651650457602,3705,865
711363825979756544,3485,1082
711306686208872448,3170,709
711008018775851008,2878,584
710997087345876993,4397,1322
710844581445812225,2444,650
710833117892898816,2580,504
710658690886586372,2225,534
710609963652087808,4609,2276
710588934686908417,4356,1776
710296729921429505,2285,702
710283270106132480,2075,496
710272297844797440,4346,1194
710269109699739648,2302,1067
710153181850935296,2803,855
710140971284037632,2644,846
710117014656950272,5240,1884
709918798883774466,3358,1037
709901256215666688,640,98
709852847387627521,3365,1146
709566166965075968,3405,1144
709556954897764353,3152,1022
709519240576036864,1439,227
709449600415961088,2121,542
709409458133323776,2537,649
709225125749587968,2316,544
709207347839836162,11981,5486
709198395643068416,2361,611
709179584944730112,1936,642
709158332880297985,1954,393
709042156699303936,4546,1556
708853462201716736,1735,632
708845821941387268,2865,855
708834316713893888,1620,479
708810915978854401,15834,6585
708738143638450176,2658,779
708711088997666817,2434,683
708479650088034305,2446,646
708469915515297792,2985,781
708400866336894977,15290,9573
708356463048204288,3447,1258
708349470027751425,2265,706
708149363256774660,4134,1487
708130923141795840,3250,819
708119489313951744,2583,936
708109389455101952,1881,532
708026248782585858,4231,1838
707995814724026368,3003,1079
707983188426153984,49,2
707969809498152960,2581,915
707776935007539200,3150,913
707741517457260545,2406,585
707738799544082433,3922,2343
707693576495472641,3263,953
707629649552134146,2468,829
707610948723478529,16307,6045
707420581654872064,2165,664
707411934438625280,2214,570
707387676719185920,3357,1214
707377100785885184,3135,1035
707315916783140866,2379,607
707297311098011648,2681,746
707059547140169728,2492,644
707038192327901184,2106,753
707021089608753152,3933,1290
707014260413456384,2227,571
706904523814649856,14012,7496
706901761596989440,1969,557
706681918348251136,3174,932
706644897839910912,2466,1043
706593038911545345,2078,605
706538006853918722,3350,1368
706516534877929472,3003,984
706346369204748288,3321,885
706310011488698368,20428,7537
706291001778950144,1645,456
706265994973601792,2637,890
706169069255446529,3752,2116
706166467411222528,4954,1526
706153300320784384,1423,368
705975130514706432,2985,695
705970349788291072,3061,854
705898680587526145,2285,527
705786532653883392,1857,495
705591895322394625,3055,1102
705475953783398401,2851,875
705442520700944385,4234,1539
705428427625635840,3659,1594
705239209544720384,2886,722
705223444686888960,2490,763
705102439679201280,2062,493
705066031337840642,2101,587
704871453724954624,4114,1074
704859558691414016,2162,507
704847917308362754,4880,1449
704819833553219584,2539,936
704761120771465216,6379,2783
704499785726889984,2794,961
704491224099647488,719,75
704480331685040129,3268,1027
704364645503647744,7676,3390
704347321748819968,1517,334
704134088924532736,1450,435
704113298707505153,1786,548
704054845121142784,2815,878
703774238772166656,1777,437
703769065844768768,3138,1092
703631701117943808,2474,639
703611486317502464,3694,1459
703425003149250560,3653,1301
703407252292673536,2346,663
703382836347330562,3375,1093
703356393781329922,1843,369
703268521220972544,1905,520
703079050210877440,7103,2949
703041949650034688,25308,11877
702932127499816960,2483,687
702899151802126337,1547,431
702684942141153280,3110,1022
702671118226825216,2110,537
702598099714314240,11780,3288
702539513671897089,2778,918
702332542343577600,3057,1478
702321140488925184,3156,1005
702276748847800320,2373,737
702217446468493312,4605,1285
701981390485725185,3314,939
701952816642965504,3696,980
701889187134500865,3405,1328
701805642395348998,3287,1598
701601587219795968,2020,434
701570477911896070,2716,887
701545186879471618,2569,583
701214700881756160,11751,4863
700890391244103680,2134,539
700864154249383937,2501,598
700847567345688576,2368,477
700796979434098688,2348,894
700747788515020802,21905,8855
700518061187723268,2515,761
700505138482569216,2206,547
700462010979500032,3968,1699
700167517596164096,2544,699
700151421916807169,2167,643
700143752053182464,7219,2591
700062718104104960,2540,653
700029284593901568,1999,555
700002074055016451,3182,1278
699801817392291840,2924,908
699788877217865730,2152,488
699779630832685056,2628,1184
699775878809702401,1889,578
699691744225525762,9893,4392
699446877801091073,5728,2507
699434518667751424,2098,493
699423671849451520,1308,308
699413908797464576,2011,596
699370870310113280,1827,418
699323444782047232,3033,829
699088579889332224,2171,595
699079609774645248,2360,619
699072405256409088,2852,1137
699060279947165696,3600,1718
699036661657767936,2513,1151
698989035503689728,3217,929
698953797952008193,2584,874
698907974262222848,2439,592
698710712454139905,2380,650
698703483621523456,1395,357
698635131305795584,1252,328
698549713696649216,2235,596
698355670425473025,1782,427
698342080612007937,2177,922
698262614669991936,4592,1908
698195409219559425,16125,5701
698178924120031232,2714,709
697995514407682048,1464,324
697990423684476929,3162,1229
697943111201378304,2304,646
697881462549430272,2899,1111
697630435728322560,1681,523
697616773278015490,3026,965
697596423848730625,2894,1206
697575480820686848,1965,481
697516214579523584,1974,1061
697482927769255936,2335,639
697463031882764288,3296,1343
697270446429966336,4534,1799
697259378236399616,3175,957
697255105972801536,2950,1103
697242256848379904,2435,642
696900204696625153,3052,979
696894894812565505,2250,649
696886256886657024,4668,1713
696877980375769088,2356,684
696754882863349760,1428,345
696744641916489729,1992,887
696713835009417216,2284,619
696518437233913856,3776,1646
696490539101908992,1168,136
696488710901260288,2420,980
696405997980676096,3086,1111
696100768806522880,1861,623
695816827381944320,2902,1103
695794761660297217,3049,738
695767669421768709,1789,703
695629776980148225,4394,2001
695446424020918272,4246,1739
695409464418041856,8349,3431
695314793360662529,3483,1389
695095422348574720,2546,588
695074328191332352,2730,1051
695064344191721472,1542,563
695051054296211456,2556,762
694925794720792577,2596,877
694905863685980160,2640,894
694669722378485760,34448,13701
694356675654983680,1448,274
694352839993344000,1960,582
694342028726001664,1525,464
694329668942569472,1921,481
694206574471057408,4003,1952
694183373896572928,2832,889
694001791655137281,3278,977
693993230313091072,1807,384
693942351086120961,1686,350
693647888581312512,2590,559
693644216740769793,1305,119
693642232151285760,2452,397
693629975228977152,2354,760
693622659251335168,1472,356
693590843962331137,4851,1866
693582294167244802,1585,236
693486665285931008,1698,603
693280720173801472,3221,1188
693267061318012928,2290,775
693262851218264065,2123,475
693231807727280129,2770,711
693155686491000832,7581,3063
693109034023534592,1642,581
693095443459342336,1793,435
692919143163629568,2588,726
692905862751522816,2341,837
692901601640583168,1693,576
692894228850999298,2180,759
692828166163931137,2767,854
692752401762250755,6556,3488
692568918515392513,4200,1470
692535307825213440,3039,1300
692530551048294401,1769,394
692423280028966913,1418,213
692417313023332352,9006,3305
692187005137076224,2444,782
692158366030913536,2068,755
692142790915014657,1586,372
692041934689402880,3269,1208
692017291282812928,2783,910
691820333922455552,3813,1579
691793053716221953,7828,4048
691756958957883396,2731,943
691675652215414786,1883,486
691483041324204033,2305,537
691459709405118465,3891,1084
691444869282295808,2539,807
691416866452082688,18617,7301
691321916024623104,2486,632
691096613310316544,2864,844
691090071332753408,1664,320
690989312272396288,5678,2742
690959652130045952,3441,1192
690938899477221376,3940,1861
690932576555528194,3163,973
690735892932222976,3646,1217
690728923253055490,2093,494
690690673629138944,2238,783
690649993829576704,1252,262
690607260360429569,287,16
690597161306841088,1873,580
690400367696297985,1815,429
690374419777196032,3131,806
690360449368465409,2565,840
690348396616552449,1442,490
690248561355657216,1615,394
690021994562220032,2701,982
690015576308211712,2396,701
690005060500217858,3533,1612
689999384604450816,1359,352
689993469801164801,1405,428
689977555533848577,1325,428
689905486972461056,2363,662
689877686181715968,2927,1108
689835978131935233,2097,720
689661964914655233,3117,895
689659372465688576,9985,3668
689623661272240129,2146,616
689599056876867584,11217,5264
689557536375177216,1976,435
689517482558820352,3274,1367
689289219123089408,2167,889
689283819090870273,3141,1051
689280876073582592,1912,674
689275259254616065,1100,235
689255633275777024,2466,1038
689154315265683456,2972,950
689143371370250240,1947,482
688916208532455424,2613,823
688908934925697024,2032,730
688898160958271489,2016,746
688894073864884227,2164,654
688828561667567616,1331,350
688804835492233216,926,182
688789766343622656,2137,632
688547210804498433,2495,667
688519176466644993,2237,700
688385280030670848,8916,4267
688211956440801280,2162,792
688179443353796608,2056,559
688116655151435777,2722,740
688064179421470721,1669,345
687841446767013888,5253,2394
687826841265172480,2645,1074
687818504314159109,2395,913
687807801670897665,2294,686
687732144991551489,1692,636
687704180304273409,2349,803
687664829264453632,1870,489
687494652870668288,1832,553
687480748861947905,1545,229
687476254459715584,1910,509
687460506001633280,1984,519
687399393394311168,1825,590
687317306314240000,19397,8759
687312378585812992,4199,1817
687127927494963200,5223,2160
687124485711986689,2106,485
687109925361856513,5604,2348
687102708889812993,2263,926
687096057537363968,2155,579
686947101016735744,8314,3052
686760001961103360,3385,1329
686749460672679938,3353,1386
686730991906516992,3979,1148
686683045143953408,2721,768
686618349602762752,3561,1302
686606069955735556,1819,523
686394059078897668,1675,659
686386521809772549,3140,842
686377065986265092,2134,543
686358356425093120,2094,632
686286779679375361,3869,1602
686050296934563840,2143,698
686035780142297088,1104,111
686034024800862208,2959,1094
686007916130873345,2389,392
686003207160610816,1762,592
685973236358713344,2019,496
685943807276412928,1567,563
685906723014619143,7203,2733
685681090388975616,1967,116
685667379192414208,2271,540
685663452032069632,3098,1393
685641971164143616,2807,735
685547936038666240,31640,14872
685532292383666176,2920,1106
685325112850124800,9071,3780
685321586178670592,2547,601
685315239903100929,3163,999
685307451701334016,2001,418
685268753634967552,2980,1140
685198997565345792,2246,639
685169283572338688,3958,1366
684969860808454144,2294,354
684959798585110529,6554,2990
684940049151070208,3082,993
684926975086034944,3357,445
684914660081053696,3370,1390
684902183876321280,1795,505
684880619965411328,2004,769
684830982659280897,33684,20692
684800227459624960,2621,953
684594889858887680,8547,3345
684588130326986752,3947,1348
684567543613382656,2895,1156
684538444857667585,2543,907
684481074559381504,3723,1123
684460069371654144,1902,536
684241637099323392,7803,3123
684225744407494656,1193,196
684222868335505415,3685,1304
684200372118904832,2071,997
684195085588783105,1834,486
684188786104872960,3365,1109
684177701129875456,1944,631
684147889187209216,2881,1454
684122891630342144,1928,449
684097758874210310,3954,1372
683857920510050305,3671,1070
683852578183077888,1870,331
683849932751646720,2518,911
683834909291606017,2531,1073
683828599284170753,2700,1010
683773439333797890,3221,1285
683742671509258241,6218,3165
683515932363329536,7056,2760
683498322573824003,3052,922
683481228088049664,2565,955
683462770029932544,2332,645
683449695444799489,3727,1537
683391852557561860,7343,2289
683357973142474752,2779,875
683142553609318400,2754,990
683111407806746624,3269,871
683098815881154561,2091,625
683078886620553216,1924,543
683030066213818368,2085,713
682962037429899265,35294,15651
682808988178739200,1710,160
682788441537560576,2386,1060
682750546109968385,1457,418
682697186228989953,1263,348
682662431982772225,2931,1031
682638830361513985,1984,565
682429480204398592,3310,1100
682406705142087680,7270,1674
682393905736888321,2154,635
682389078323662849,1603,446
682303737705140231,2949,931
682259524040966145,3979,1135
682242692827447297,3099,1090
682088079302213632,17497,9368
682059653698686977,4739,1596
682047327939461121,3066,893
682032003584274432,6320,1893
682003177596559360,2997,1445
681981167097122816,2697,986
681891461017812993,2374,779
681694085539872773,12301,3858
681679526984871937,1692,418
681654059175129088,2520,864
681610798867845120,1818,443
681579835668455424,3399,1239
681523177663676416,13704,5475
681340665377193984,1578,261
681339448655802368,8939,3891
681320187870711809,2536,704
681302363064414209,3769,1730
681297372102656000,3089,905
681281657291280384,3100,1046
681261549936340994,1399,252
681242418453299201,1427,501
681231109724700672,2314,464
681193455364796417,3555,1403
680970795137544192,2317,622
680959110691590145,4403,1906
680940246314430465,3067,993
680934982542561280,2008,415
680913438424612864,2319,589
680889648562991104,1696,351
680836378243002368,3314,1257
680805554198020098,2066,637
680801747103793152,2284,780
680798457301471234,2729,986
680609293079592961,2520,662
680583894916304897,3480,1261
680497766108381184,4065,1818
680494726643068929,1653,463
680473011644985345,2441,717
680440374763077632,1397,475
680221482581123072,1418,280
680206703334408192,2711,1107
680191257256136705,2066,477
680176173301628928,3730,1469
680161097740095489,2231,701
680145970311643136,3456,1660
680130881361686529,2202,895
680115823365742593,2611,863
680100725817409536,3446,1306
680085611152338944,12288,8559
680070545539371008,2486,818
679877062409191424,1890,616
679872969355714560,2113,637
679862121895714818,2362,588
679854723806179328,2738,1164
679844490799091713,2272,720
679828447187857408,34647,13308
679777920601223168,2981,1042
679736210798047232,2006,750
679729593985699840,2073,788
679722016581222400,1599,446
679530280114372609,4570,1973
679527802031484928,2528,687
679511351870550016,3224,1200
679503373272485890,3032,1389
679475951516934144,2004,610
679462823135686656,30113,17802
679405845277462528,2267,1137
679158373988876288,20303,7619
679148763231985668,2672,971
679132435750195208,2845,1100
679111216690831360,5685,2452
679062614270468097,16181,7628
679047485189439488,2147,625
679001094530465792,2717,1158
678991772295516161,2175,1094
678969228704284672,1560,432
678800283649069056,2455,853
678798276842360832,3305,1095
678774928607469569,2681,857
678767140346941444,3364,1284
678764513869611008,1553,442
678755239630127104,6743,3094
678740035362037760,3574,1571
678708137298427904,5334,2297
678675843183484930,2719,1382
678643457146150913,1959,381
678446151570427904,3818,1450
678424312106393600,5211,2407
678410210315247616,4003,1701
678399652199309312,76427,30052
678396796259975168,1513,396
678389028614488064,1772,399
678380236862578688,2312,850
678341075375947776,1644,506
678334497360859136,1231,235
678278586130948096,10879,5765
678255464182861824,1511,348
678023323247357953,1815,354
678021115718029313,12933,5942
677961670166224897,3253,1594
677918531514703872,1270,383
677895101218201600,4580,1951
677716515794329600,2895,922
677700003327029250,3218,1360
677698403548192770,1171,303
677687604918272002,2370,797
677673981332312066,3165,1414
677662372920729601,1847,891
677644091929329666,1768,762
677573743309385728,2027,655
677565715327688705,1239,432
677557565589463040,2325,1089
677547928504967168,6573,3463
677530072887205888,1009,217
677335745548390400,2885,1645
677334615166730240,1278,269
677331501395156992,1035,221
677328882937298944,3466,1423
677314812125323265,1567,504
677301033169788928,1167,380
677269281705472000,1870,668
677228873407442944,3371,1545
677187300187611136,2583,857
676975532580409345,2626,1006
676957860086095872,2116,764
676949632774234114,1240,372
676948236477857792,2044,808
676946864479084545,1640,344
676942428000112642,1961,702
676936541936185344,12083,4662
676916996760600576,2816,1709
676897532954456065,2133,686
676864501615042560,1978,659
676821958043033607,21645,14551
676819651066732545,1728,624
676811746707918848,1357,404
676776431406465024,4728,1907
676617503762681856,2724,895
676613908052996102,1028,185
676606785097199616,1802,407
676603393314578432,1099,359
676593408224403456,4322,2014
676590572941893632,874,115
